(0)
(1 15)
(2 16 30)
(17 3 31 45)
(18 32 4 46 60)
(19 33 47 5 61 75)
(20 34 48 62 6 76 90)
(21 35 49 63 77 7 91 105)
(22 36 50 64 78 92 8 106 120)
(23 37 51 65 79 93 107 9 121 135)
(24 38 52 66 80 94 108 122 10 136 150)
(25 39 53 67 81 95 109 123 137 11 151 165)
(26 40 54 68 82 96 110 124 138 152 12 166 180)
(27 41 55 69 83 97 111 125 139 153 167 13 181 195)
(28 42 56 70 84 98 112 126 140 154 168 182 14 196 210)
(29 43 57 71 85 99 113 127 141 155 169 183 197 211)
(44 58 72 86 100 114 128 142 156 170 184 198 212)
(59 73 87 101 115 129 143 157 171 185 199 213)
(74 88 102 116 130 144 158 172 186 200 214)
(89 103 117 131 145 159 173 187 201 215)
(104 118 132 146 160 174 188 202 216)
(119 133 147 161 175 189 203 217)
(134 148 162 176 190 204 218)
(149 163 177 191 205 219)
(164 178 192 206 220)
(179 193 207 221)
(194 208 222)
(209 223)
()
O
